O001  9.250000  2.833333  0.500000  20.000000  4.000000  78.000000  
O002  5.000000  7.166667  3.500000  3.600000  4.000000  24.000000  
O003  10.750000  8.000000  9.833333  40.000000  5.600000  86.000000  
N004  3.625000  0.166667  3.833333  1.800000  0.200000  22.000000  
C005  0.888889  2.714286  5.714286  35.000000  8.200000  66.666667  
C006  3.000000  3.875000  2.571429  5.500000  2.666667  0.000000  
C007  8.444444  1.142857  1.428571  4.333333  1.600000  7.400000  
END CYCLE 1

O(001)  7.000000  5.200000  1.200000  22.500000  3.500000  82.500000  
O(002)  6.166667  0.000000  3.800000  1.000000  2.500000  35.000000  
O(003)  14.833333  8.600000  4.000000  100.000000  1.250000  117.500000  
N(001)  1.333333  3.400000  3.000000  2.250000  0.750000  25.000000  
C(001)  3.142857  1.400000  2.600000  7.750000  4.250000  50.000000  
C(003)  2.571429  1.000000  2.600000  5.800000  0.500000  1.000000  
C(002)  4.428571  1.333333  5.200000  5.000000  1.000000  6.750000  
H(03B)  2.333333  1.800000  0.250000  43.333333  2.333333  23.333333  
H(03A)  5.250000  3.400000  21.250000  9.333333  8.666667  8.333333  
H(002)  0.333333  7.250000  7.750000  0.333333  2.666667  9.666667  
H(01A)  5.250000  0.800000  2.750000  37.500000  30.000000  37.500000  
H(01B)  0.600000  4.000000  8.500000  2.750000  3.750000  45.000000  
H(01C)  2.600000  7.200000  3.200000  42.500000  3.500000  25.000000  
H(003)  6.750000  3.166667  2.500000  37.500000  5.333333  12.500000  
END CYCLE 2

O(001)  1.166667  0.000000  0.400000  0.000000  0.750000  2.500000  
O(002)  0.500000  0.200000  0.800000  0.250000  0.500000  2.500000  
O(003)  0.333333  0.200000  0.600000  7.500000  0.250000  2.500000  
N(001)  0.333333  0.400000  0.800000  0.500000  0.250000  5.000000  
C(001)  0.000000  0.800000  0.400000  0.000000  0.250000  2.500000  
C(003)  0.142857  0.333333  0.600000  0.600000  0.000000  0.250000  
C(002)  0.714286  0.200000  0.200000  0.750000  0.500000  0.750000  
H(03B)  0.666667  0.200000  0.500000  0.000000  0.666667  0.000000  
H(03A)  2.000000  0.200000  1.000000  0.666667  0.666667  0.500000  
H(002)  0.666667  0.250000  0.500000  3.333333  0.000000  0.333333  
H(01A)  2.600000  0.400000  1.500000  5.000000  1.000000  1.500000  
H(01B)  1.750000  0.000000  0.400000  2.500000  0.250000  0.750000  
H(01C)  1.400000  2.600000  1.800000  5.000000  0.500000  2.500000  
H(003)  1.000000  0.333333  0.750000  0.000000  0.500000  0.250000  
END CYCLE 3

O(001)  0.166667  0.200000  0.200000  0.000000  0.250000  0.000000  
O(002)  0.166667  0.000000  0.000000  0.000000  0.250000  0.000000  
O(003)  0.166667  0.200000  0.000000  2.500000  0.000000  2.500000  
N(001)  0.833333  0.200000  0.200000  1.750000  0.750000  37.500000  
C(001)  0.142857  0.200000  0.200000  0.000000  0.000000  0.000000  
C(003)  0.000000  0.166667  0.200000  0.000000  0.000000  0.000000  
C(002)  0.142857  0.000000  0.000000  0.000000  0.250000  0.000000  
H(03B)  0.333333  0.000000  0.250000  3.333333  0.000000  3.333333  
H(03A)  0.250000  0.000000  0.250000  0.000000  0.000000  0.250000  
H(002)  0.000000  0.250000  0.000000  0.000000  0.333333  6.666667  
H(01A)  2.250000  1.500000  0.500000  10.000000  1.000000  1.666667  
H(01B)  0.250000  0.200000  0.400000  0.250000  0.500000  5.000000  
H(01C)  0.200000  1.000000  0.000000  2.500000  0.750000  7.500000  
H(003)  0.250000  0.166667  0.000000  2.500000  0.500000  0.000000  
END CYCLE 4

O(001)  0.166667  0.000000  0.200000  0.000000  0.000000  0.000000  
O(002)  0.000000  0.200000  0.000000  0.000000  0.000000  0.000000  
O(003)  0.166667  0.000000  0.000000  0.000000  0.000000  2.500000  
N(001)  0.833333  0.000000  0.500000  1.750000  0.750000  37.500000  
C(001)  0.142857  0.000000  0.000000  0.000000  0.250000  0.000000  
C(003)  0.142857  0.000000  0.200000  0.000000  0.000000  0.000000  
C(002)  0.166667  0.200000  0.200000  0.000000  0.000000  0.000000  
H(03B)  0.333333  0.000000  0.250000  3.333333  0.000000  3.333333  
H(03A)  0.500000  0.000000  0.000000  0.000000  0.000000  0.333333  
H(002)  0.333333  0.000000  0.250000  0.000000  0.333333  0.666667  
H(01A)  1.800000  1.600000  0.250000  10.000000  1.000000  0.750000  
H(01B)  0.250000  0.400000  0.500000  6.666667  0.666667  0.250000  
H(01C)  0.400000  0.600000  0.400000  0.000000  0.500000  5.000000  
H(003)  0.250000  0.166667  0.000000  2.500000  0.500000  0.000000  
END CYCLE 5

O(001)  0.000000  0.000000  0.000000  0.000000  0.000000  0.000000  
O(002)  0.000000  0.000000  0.200000  0.000000  0.000000  0.000000  
O(003)  0.000000  0.000000  0.000000  0.000000  0.000000  0.000000  
N(001)  0.166667  0.200000  0.000000  0.000000  0.000000  0.000000  
C(001)  0.000000  0.000000  0.000000  0.000000  0.000000  0.000000  
C(003)  0.000000  0.000000  0.000000  0.000000  0.000000  0.000000  
C(002)  0.000000  0.000000  0.200000  0.000000  0.000000  0.000000  
H(03B)  0.000000  0.250000  0.000000  0.000000  0.000000  0.000000  
H(03A)  0.000000  0.000000  0.000000  0.000000  0.000000  0.000000  
H(002)  0.333333  0.000000  0.000000  0.000000  0.000000  0.333333  
H(01A)  0.750000  0.400000  0.250000  2.500000  0.250000  0.000000  
H(01B)  0.000000  0.200000  0.250000  2.500000  0.000000  0.000000  
H(01C)  0.200000  0.000000  0.200000  0.000000  0.250000  0.000000  
H(003)  0.000000  0.000000  0.250000  0.000000  0.000000  0.000000  
END CYCLE 6

O(001)  0.000000  0.000000  0.000000  0.000000  0.000000  0.000000  
O(002)  0.000000  0.000000  0.200000  0.000000  0.000000  0.000000  
O(003)  0.000000  0.000000  0.000000  0.000000  0.000000  0.000000  
N(001)  0.000000  0.000000  0.000000  0.000000  0.000000  0.000000  
C(001)  0.000000  0.000000  0.000000  0.250000  0.000000  2.500000  
C(003)  0.000000  0.000000  0.000000  0.000000  0.000000  0.000000  
C(002)  0.166667  0.000000  0.000000  0.000000  0.000000  0.000000  
H(03B)  0.000000  0.000000  0.000000  0.000000  0.000000  0.000000  
H(03A)  0.000000  0.000000  0.000000  0.000000  0.000000  0.000000  
H(002)  0.333333  0.000000  0.000000  0.000000  0.000000  0.000000  
H(01A)  0.250000  0.000000  0.000000  0.000000  0.000000  0.000000  
H(01B)  0.000000  0.000000  0.000000  0.000000  0.000000  0.000000  
H(01C)  0.000000  0.200000  0.000000  0.000000  0.250000  0.000000  
H(003)  0.250000  0.000000  0.000000  2.500000  0.000000  0.000000  
END CYCLE 7

O(001)  0.000000  0.000000  0.000000  0.000000  0.000000  0.000000  
O(002)  0.000000  0.000000  0.000000  0.000000  0.000000  0.000000  
O(003)  0.000000  0.000000  0.000000  0.000000  0.000000  0.000000  
N(001)  0.000000  0.000000  0.000000  0.000000  0.000000  0.000000  
C(001)  0.000000  0.000000  0.000000  0.250000  0.000000  0.000000  
C(003)  0.000000  0.000000  0.000000  0.000000  0.000000  0.000000  
C(002)  0.166667  0.000000  0.000000  0.000000  0.000000  0.000000  
H(03B)  0.000000  0.000000  0.000000  0.000000  0.000000  0.000000  
H(03A)  0.000000  0.000000  0.000000  0.000000  0.000000  0.000000  
H(002)  0.333333  0.000000  0.000000  0.000000  0.000000  0.000000  
H(01A)  0.000000  0.000000  0.000000  0.000000  0.000000  0.000000  
H(01B)  0.000000  0.000000  0.000000  0.000000  0.000000  0.000000  
H(01C)  0.000000  0.000000  0.000000  0.000000  0.000000  0.000000  
H(003)  0.250000  0.000000  0.000000  0.000000  0.000000  0.250000  
END CYCLE 8

